1000    0.3

1

180

2   2

21   13

18   10

0	1	2	3	4	5	6	7	8	9	10	11	12	13	14	15	16	17	18	19	20	21	22	23	24	25	26	27	28	29	30	31	32	33	34	35	36	37	38	39	40	41	42	43	44	45	46	47	48	49	50	51	52	53	54	55	56	57	58	59	60	61	62	63	64	65	66	67	68	69	70	71	72	73	74	75	76	77	78	79	80	81	82	83	84	85	86	87	88	89	90	91	92	93	94	95	96	97	98	99	100	101	102	103	104	105	106	107	108	109	110	111	112	113	114	115	116	117	118	119	120	121	122	123	124	125	126	127	128	129	130	131	132	133	134	135	136	137	138	139	140	141	142	143	144	145	146	147	148	149	150	151	152	153	154	155	156	157	158	159	160	161	162	163	164	165	166	167	168	169	170	171	172	173	174	175	176	177	178	179

54  0   0

0.000000000000000000000e+00   0.000000000000000000000e+00   0.000000000000000000000e+00   6.250000000000000000000e-02   1.250000000000000000000e-01   1.875000000000000000000e-01   2.500000000000000000000e-01   3.125000000000000000000e-01   3.750000000000000000000e-01   4.375000000000000000000e-01   5.000000000000000000000e-01   5.625000000000000000000e-01   6.250000000000000000000e-01   6.875000000000000000000e-01   7.500000000000000000000e-01   8.125000000000000000000e-01   8.750000000000000000000e-01   9.375000000000000000000e-01   1.000000000000000000000e+00   1.000000000000000000000e+00   1.000000000000000000000e+00
0.000000000000000000000e+00   0.000000000000000000000e+00   0.000000000000000000000e+00   1.250000000000000000000e-01   2.500000000000000000000e-01   3.750000000000000000000e-01   5.000000000000000000000e-01   6.250000000000000000000e-01   7.500000000000000000000e-01   8.750000000000000000000e-01   1.000000000000000000000e+00   1.000000000000000000000e+00   1.000000000000000000000e+00

0   1.000000000000000000000e+00   0.000000000000000000000e+00   1.000000000000000000000e+00
1   1.031250000000000000000e+00   0.000000000000000000000e+00   1.000000000000000000000e+00
2   1.093750000000000000000e+00   0.000000000000000000000e+00   1.000000000000000000000e+00
3   1.156250000000000000000e+00   0.000000000000000000000e+00   1.000000000000000000000e+00
4   1.218750000000000000000e+00   0.000000000000000000000e+00   1.000000000000000000000e+00
5   1.281250000000000000000e+00   0.000000000000000000000e+00   1.000000000000000000000e+00
6   1.343750000000000000000e+00   0.000000000000000000000e+00   1.000000000000000000000e+00
7   1.406250000000000000000e+00   0.000000000000000000000e+00   1.000000000000000000000e+00
8   1.468750000000000000000e+00   0.000000000000000000000e+00   1.000000000000000000000e+00
9   1.531250000000000000000e+00   0.000000000000000000000e+00   1.000000000000000000000e+00
10   1.593750000000000000000e+00   0.000000000000000000000e+00   1.000000000000000000000e+00
11   1.656250000000000000000e+00   0.000000000000000000000e+00   1.000000000000000000000e+00
12   1.718750000000000000000e+00   0.000000000000000000000e+00   1.000000000000000000000e+00
13   1.781250000000000000000e+00   0.000000000000000000000e+00   1.000000000000000000000e+00
14   1.843750000000000000000e+00   0.000000000000000000000e+00   1.000000000000000000000e+00
15   1.906250000000000000000e+00   0.000000000000000000000e+00   1.000000000000000000000e+00
16   1.968750000000000000000e+00   0.000000000000000000000e+00   1.000000000000000000000e+00
17   2.000000000000000000000e+00   0.000000000000000000000e+00   1.000000000000000000000e+00
18   1.000000000000000000000e+00   9.174737048053263621661e-02   9.633883476483184882255e-01
19   1.031250000000000000000e+00   9.461447580804926982267e-02   9.633883476483184882255e-01
20   1.093749999999999777955e+00   1.003486864630825925460e-01   9.633883476483184882255e-01
21   1.156249999999999777955e+00   1.060828971181158597581e-01   9.633883476483184882255e-01
22   1.218750000000000000000e+00   1.118171077731491269702e-01   9.633883476483184882255e-01
23   1.281250000000000000000e+00   1.175513184281824358157e-01   9.633883476483184882255e-01
24   1.343750000000000000000e+00   1.232855290832157030279e-01   9.633883476483184882255e-01
25   1.406250000000000000000e+00   1.290197397382490396289e-01   9.633883476483184882255e-01
26   1.468750000000000000000e+00   1.347539503932823068411e-01   9.633883476483184882255e-01
27   1.531250000000000000000e+00   1.404881610483156018088e-01   9.633883476483184882255e-01
28   1.593750000000000000000e+00   1.462223717033488690209e-01   9.633883476483184882255e-01
29   1.656250000000000000000e+00   1.519565823583821917442e-01   9.633883476483184882255e-01
30   1.718749999999999777955e+00   1.576907930134154589563e-01   9.633883476483184882255e-01
31   1.781249999999999777955e+00   1.634250036684487539240e-01   9.633883476483184882255e-01
32   1.843750000000000000000e+00   1.691592143234820488917e-01   9.633883476483184882255e-01
33   1.906250000000000000000e+00   1.748934249785153161039e-01   9.633883476483184882255e-01
34   1.968750000000000000000e+00   1.806276356335486388272e-01   9.633883476483184882255e-01
35   2.000000000000000000000e+00   1.834947409610652724332e-01   9.633883476483184882255e-01
36   9.656015387370172620152e-01   2.776323134773617251625e-01   9.084708691207961095415e-01
37   9.957765868225489924725e-01   2.863083232735292305016e-01   9.084708691207961095415e-01
38   1.056126682993612675432e+00   3.036603428658644077132e-01   9.084708691207961095415e-01
39   1.116476779164675914302e+00   3.210123624581994739025e-01   9.084708691207961095415e-01
40   1.176826875335739597261e+00   3.383643820505345400917e-01   9.084708691207961095415e-01
41   1.237176971506803280221e+00   3.557164016428697728145e-01   9.084708691207961095415e-01
42   1.297527067677867185225e+00   3.730684212352047834926e-01   9.084708691207961095415e-01
43   1.357877163848930424095e+00   3.904204408275399607042e-01   9.084708691207961095415e-01
44   1.418227260019994329099e+00   4.077724604198750824047e-01   9.084708691207961095415e-01
45   1.478577356191057790014e+00   4.251244800122102041051e-01   9.084708691207961095415e-01
46   1.538927452362121472973e+00   4.424764996045451592721e-01   9.084708691207961095415e-01
47   1.599277548533185155932e+00   4.598285191968803919949e-01   9.084708691207961095415e-01
48   1.659627644704248616847e+00   4.771805387892154581841e-01   9.084708691207961095415e-01
49   1.719977740875312299806e+00   4.945325583815506353957e-01   9.084708691207961095415e-01
50   1.780327837046375538677e+00   5.118845779738857570962e-01   9.084708691207961095415e-01
51   1.840677933217439221636e+00   5.292365975662207677743e-01   9.084708691207961095415e-01
52   1.901028029388502904595e+00   5.465886171585558894748e-01   9.084708691207961095415e-01
53   1.931203077474034524030e+00   5.552646269547234503250e-01   9.084708691207961095415e-01
54   8.924711717249336206947e-01   4.623558586246681034737e-01   8.718592167691144867447e-01
55   9.203608958413377338914e-01   4.768044792066889470128e-01   8.718592167691144867447e-01
56   9.761403440741462933516e-01   5.057017203707309116467e-01   8.718592167691144867447e-01
57   1.031919792306954519745e+00   5.345989615347724877026e-01   8.718592167691144867447e-01
58   1.087699240539762746138e+00   5.634962026988141747808e-01   8.718592167691144867447e-01
59   1.143478688772571416621e+00   5.923934438628560839035e-01   8.718592167691144867447e-01
60   1.199258137005379643014e+00   6.212906850268977709817e-01   8.718592167691144867447e-01
61   1.255037585238187869408e+00   6.501879261909395690822e-01   8.718592167691144867447e-01
62   1.310817033470996539890e+00   6.790851673549813671826e-01   8.718592167691144867447e-01
63   1.366596481703804766283e+00   7.079824085190230542608e-01   8.718592167691144867447e-01
64   1.422375929936613214721e+00   7.368796496830647413390e-01   8.718592167691144867447e-01
65   1.478155378169421441115e+00   7.657768908471065394394e-01   8.718592167691144867447e-01
66   1.533934826402229889553e+00   7.946741320111483375399e-01   8.718592167691144867447e-01
67   1.589714274635038337991e+00   8.235713731751901356404e-01   8.718592167691144867447e-01
68   1.645493722867846342339e+00   8.524686143392318227185e-01   8.718592167691144867447e-01
69   1.701273171100655012822e+00   8.813658555032736208190e-01   8.718592167691144867447e-01
70   1.757052619333463239215e+00   9.102630966673154189195e-01   8.718592167691144867447e-01
71   1.784942343449867241389e+00   9.247117172493362069474e-01   8.718592167691144867447e-01
72   7.803300858899105962863e-01   6.338834764831844381661e-01   8.535533905932737308575e-01
73   8.047154010739704377286e-01   6.536923351232838408365e-01   8.535533905932737308575e-01
74   8.534860314420898985688e-01   6.933100524034830902664e-01   8.535533905932737308575e-01
75   9.022566618102091373643e-01   7.329277696836820066295e-01   8.535533905932737308575e-01
76   9.510272921783285982045e-01   7.725454869638809229926e-01   8.535533905932737308575e-01
77   9.997979225464481700669e-01   8.121632042440801724226e-01   8.535533905932737308575e-01
78   1.048568552914567630907e+00   8.517809215242791998079e-01   8.535533905932737308575e-01
79   1.097339183282686869703e+00   8.913986388044782271933e-01   8.535533905932737308575e-01
80   1.146109813650806552587e+00   9.310163560846772545787e-01   8.535533905932737308575e-01
81   1.194880444018925569338e+00   9.706340733648761709418e-01   8.535533905932737308575e-01
82   1.243651074387045252223e+00   1.010251790645075198327e+00   8.535533905932737308575e-01
83   1.292421704755164713063e+00   1.049869507925274225713e+00   8.535533905932737308575e-01
84   1.341192335123283951859e+00   1.089487225205473253098e+00   8.535533905932737308575e-01
85   1.389962965491403634744e+00   1.129104942485672280483e+00   8.535533905932737308575e-01
86   1.438733595859522651494e+00   1.168722659765871307869e+00   8.535533905932737308575e-01
87   1.487504226227642334379e+00   1.208340377046070557299e+00   8.535533905932737308575e-01
88   1.536274856595761795219e+00   1.247958094326269362639e+00   8.535533905932737308575e-01
89   1.560660171779821192573e+00   1.267766952966368876332e+00   8.535533905932737308575e-01
90   6.338834764831844381661e-01   7.803300858899105962863e-01   8.535533905932737308575e-01
91   6.536923351232840628811e-01   8.047154010739703267063e-01   8.535533905932737308575e-01
92   6.933100524034830902664e-01   8.534860314420898985688e-01   8.535533905932737308575e-01
93   7.329277696836820066295e-01   9.022566618102091373643e-01   8.535533905932737308575e-01
94   7.725454869638809229926e-01   9.510272921783285982045e-01   8.535533905932737308575e-01
95   8.121632042440801724226e-01   9.997979225464481700669e-01   8.535533905932737308575e-01
96   8.517809215242791998079e-01   1.048568552914567630907e+00   8.535533905932737308575e-01
97   8.913986388044782271933e-01   1.097339183282686869703e+00   8.535533905932737308575e-01
98   9.310163560846772545787e-01   1.146109813650806552587e+00   8.535533905932737308575e-01
99   9.706340733648761709418e-01   1.194880444018925569338e+00   8.535533905932737308575e-01
100   1.010251790645075198327e+00   1.243651074387045252223e+00   8.535533905932737308575e-01
101   1.049869507925274225713e+00   1.292421704755164713063e+00   8.535533905932737308575e-01
102   1.089487225205473253098e+00   1.341192335123283951859e+00   8.535533905932737308575e-01
103   1.129104942485672280483e+00   1.389962965491403634744e+00   8.535533905932737308575e-01
104   1.168722659765871307869e+00   1.438733595859522651494e+00   8.535533905932737308575e-01
105   1.208340377046070557299e+00   1.487504226227642334379e+00   8.535533905932737308575e-01
106   1.247958094326269362639e+00   1.536274856595761795219e+00   8.535533905932737308575e-01
107   1.267766952966368876332e+00   1.560660171779821192573e+00   8.535533905932737308575e-01
108   4.623558586246681589849e-01   8.924711717249336206947e-01   8.718592167691144867447e-01
109   4.768044792066890025239e-01   9.203608958413378449137e-01   8.718592167691144867447e-01
110   5.057017203707309116467e-01   9.761403440741462933516e-01   8.718592167691144867447e-01
111   5.345989615347724877026e-01   1.031919792306954519745e+00   8.718592167691144867447e-01
112   5.634962026988141747808e-01   1.087699240539762746138e+00   8.718592167691144867447e-01
113   5.923934438628560839035e-01   1.143478688772571416621e+00   8.718592167691144867447e-01
114   6.212906850268977709817e-01   1.199258137005379643014e+00   8.718592167691144867447e-01
115   6.501879261909396801045e-01   1.255037585238187869408e+00   8.718592167691144867447e-01
116   6.790851673549812561603e-01   1.310817033470996539890e+00   8.718592167691144867447e-01
117   7.079824085190230542608e-01   1.366596481703804766283e+00   8.718592167691144867447e-01
118   7.368796496830647413390e-01   1.422375929936613214721e+00   8.718592167691144867447e-01
119   7.657768908471065394394e-01   1.478155378169421219070e+00   8.718592167691144867447e-01
120   7.946741320111483375399e-01   1.533934826402229889553e+00   8.718592167691144867447e-01
121   8.235713731751900246181e-01   1.589714274635038337991e+00   8.718592167691144867447e-01
122   8.524686143392318227185e-01   1.645493722867846342339e+00   8.718592167691144867447e-01
123   8.813658555032736208190e-01   1.701273171100655012822e+00   8.718592167691144867447e-01
124   9.102630966673154189195e-01   1.757052619333463239215e+00   8.718592167691144867447e-01
125   9.247117172493363179697e-01   1.784942343449867241389e+00   8.718592167691144867447e-01
126   2.776323134773617251625e-01   9.656015387370172620152e-01   9.084708691207961095415e-01
127   2.863083232735292860127e-01   9.957765868225491034949e-01   9.084708691207961095415e-01
128   3.036603428658644077132e-01   1.056126682993612675432e+00   9.084708691207961095415e-01
129   3.210123624581994739025e-01   1.116476779164675914302e+00   9.084708691207961095415e-01
130   3.383643820505345400917e-01   1.176826875335739597261e+00   9.084708691207961095415e-01
131   3.557164016428697728145e-01   1.237176971506803280221e+00   9.084708691207961095415e-01
132   3.730684212352047834926e-01   1.297527067677867185225e+00   9.084708691207961095415e-01
133   3.904204408275399607042e-01   1.357877163848930424095e+00   9.084708691207961095415e-01
134   4.077724604198750824047e-01   1.418227260019994329099e+00   9.084708691207961095415e-01
135   4.251244800122101485940e-01   1.478577356191057345924e+00   9.084708691207961095415e-01
136   4.424764996045452147833e-01   1.538927452362121250928e+00   9.084708691207961095415e-01
137   4.598285191968803919949e-01   1.599277548533184933888e+00   9.084708691207961095415e-01
138   4.771805387892154581841e-01   1.659627644704248394802e+00   9.084708691207961095415e-01
139   4.945325583815506353957e-01   1.719977740875312077762e+00   9.084708691207961095415e-01
140   5.118845779738856460739e-01   1.780327837046375538677e+00   9.084708691207961095415e-01
141   5.292365975662207677743e-01   1.840677933217439221636e+00   9.084708691207961095415e-01
142   5.465886171585558894748e-01   1.901028029388502904595e+00   9.084708691207961095415e-01
143   5.552646269547234503250e-01   1.931203077474034524030e+00   9.084708691207961095415e-01
144   9.174737048053263621661e-02   1.000000000000000000000e+00   9.633883476483184882255e-01
145   9.461447580804926982267e-02   1.031250000000000000000e+00   9.633883476483184882255e-01
146   1.003486864630825925460e-01   1.093749999999999777955e+00   9.633883476483184882255e-01
147   1.060828971181158597581e-01   1.156249999999999777955e+00   9.633883476483184882255e-01
148   1.118171077731491269702e-01   1.218750000000000000000e+00   9.633883476483184882255e-01
149   1.175513184281824358157e-01   1.281250000000000000000e+00   9.633883476483184882255e-01
150   1.232855290832157030279e-01   1.343750000000000000000e+00   9.633883476483184882255e-01
151   1.290197397382490396289e-01   1.406250000000000000000e+00   9.633883476483184882255e-01
152   1.347539503932823068411e-01   1.468750000000000000000e+00   9.633883476483184882255e-01
153   1.404881610483156018088e-01   1.531250000000000000000e+00   9.633883476483184882255e-01
154   1.462223717033488690209e-01   1.593750000000000000000e+00   9.633883476483184882255e-01
155   1.519565823583821917442e-01   1.656250000000000000000e+00   9.633883476483184882255e-01
156   1.576907930134154589563e-01   1.718749999999999777955e+00   9.633883476483184882255e-01
157   1.634250036684487539240e-01   1.781249999999999777955e+00   9.633883476483184882255e-01
158   1.691592143234820488917e-01   1.843750000000000000000e+00   9.633883476483184882255e-01
159   1.748934249785153161039e-01   1.906250000000000000000e+00   9.633883476483184882255e-01
160   1.806276356335486388272e-01   1.968750000000000000000e+00   9.633883476483184882255e-01
161   1.834947409610652724332e-01   2.000000000000000000000e+00   9.633883476483184882255e-01
162   0.000000000000000000000e+00   1.000000000000000000000e+00   1.000000000000000000000e+00
163   0.000000000000000000000e+00   1.031250000000000000000e+00   1.000000000000000000000e+00
164   0.000000000000000000000e+00   1.093750000000000000000e+00   1.000000000000000000000e+00
165   0.000000000000000000000e+00   1.156250000000000000000e+00   1.000000000000000000000e+00
166   0.000000000000000000000e+00   1.218750000000000000000e+00   1.000000000000000000000e+00
167   0.000000000000000000000e+00   1.281250000000000000000e+00   1.000000000000000000000e+00
168   0.000000000000000000000e+00   1.343750000000000000000e+00   1.000000000000000000000e+00
169   0.000000000000000000000e+00   1.406250000000000000000e+00   1.000000000000000000000e+00
170   0.000000000000000000000e+00   1.468750000000000000000e+00   1.000000000000000000000e+00
171   0.000000000000000000000e+00   1.531250000000000000000e+00   1.000000000000000000000e+00
172   0.000000000000000000000e+00   1.593750000000000000000e+00   1.000000000000000000000e+00
173   0.000000000000000000000e+00   1.656250000000000000000e+00   1.000000000000000000000e+00
174   0.000000000000000000000e+00   1.718750000000000000000e+00   1.000000000000000000000e+00
175   0.000000000000000000000e+00   1.781250000000000000000e+00   1.000000000000000000000e+00
176   0.000000000000000000000e+00   1.843750000000000000000e+00   1.000000000000000000000e+00
177   0.000000000000000000000e+00   1.906250000000000000000e+00   1.000000000000000000000e+00
178   0.000000000000000000000e+00   1.968750000000000000000e+00   1.000000000000000000000e+00
179   0.000000000000000000000e+00   2.000000000000000000000e+00   1.000000000000000000000e+00

0   1   0.0
1   1   0.0
2   1   0.0
3   1   0.0
4   1   0.0
5   1   0.0
6   1   0.0
7   1   0.0
8   1   0.0
9   1   0.0
10  1   0.0
11  1   0.0
12  1   0.0
13  1   0.0
14  1   0.0
15  1   0.0
16  1   0.0
17  1   0.0
35  1   0.0
53  1   0.0
71  1   0.0
89  1   0.0
107 1   0.0
125 1   0.0
143 1   0.0
161 1   0.0
179 1   0.0
17  0   0.0
35  0   0.0
53  0   0.0
71  0   0.0
89  0   0.0
107 0   0.0
125 0   0.0
143 0   0.0
161 0   0.0
162 0   0.0
163 0   0.0
164 0   0.0
165 0   0.0
166 0   0.0
167 0   0.0
168 0   0.0
169 0   0.0
170 0   0.0
171 0   0.0
172 0   0.0
173 0   0.0
174 0   0.0
175 0   0.0
176 0   0.0
177 0   0.0
178 0   0.0
179 0   0.0
